30044
30043
30024
30349
30040
30127
30052
30041
30281
30096
30047
30135
30004
30022
30188
30062
30331
30058
30101
30906
30083
31907
30253
30263
30144
30066
30318
30016
31088
31419
30114
30518
30075
30519
30080
30721
30093
30809
30236
30157
30115
30064
30228
30039
30458
30252
30907
30606
30019
30076
30680
30132
30097
30067
30045
30506
30813
30032
30134
30034
30102
30152
30213
30736
30319
30126
30909
30605
30815
31313
30238
31061
30701
30165
30078
30120
30294
30038
30189
30005
31909
30180
30046
30014
30060
30269
30084
30338
31405
30087
30215
30350
30328
30542
30092
30117
30223
30265
31602
30344
30315
30008
31904
30316
31406
30161
30094
31210
30068
31404
30705
30311
30339
30274
30012
30341
30342
30028
31324
31601
30030
30214
31705
30033
30501
30240
30088
30248
31204
30340
30324
30507
31525
30534
30549
30741
30297
30224
30260
31794
31763
31021
30309
30296
31206
30904
30533
30310
30655
30329
30720
30504
31093
31322
30305
30082
30021
30122
30233
30071
30013
30121
30345
30017
30306
30168
30143
31410
30528
30314
30116
30241
31707
30286
31605
30312
30291
30141
30106
30125
30601
31312
30548
30327
31069
31792
30308
30035
30512
31548
31503
31326
30277
30577
31768
31520
31558
31008
31005
31407
31906
30307
31024
30677
31721
30009
31401
30540
31903
31015
30728
31750
30011
30179
31701
30276
30153
31216
30273
30656
31030
31522
30901
30824
30707
30474
31905
31217
31533
31709
30461
31029
31047
30107
30360
30517
31513
30643
31516
31545
31220
30354
30635
39828
31032
31211
30830
31539
30747
30103
30110
30317
31501
31523
31023
30204
31632
30401
30642
30650
30620
31014
30523
30337
31820
30513
31316
39819
30054
31535
30529
31415
30313
30467
30622
30436
31757
31791
31408
31620
30814
30417
39817
30531
30268
30025
30755
30607
30439
31639
31036
30427
31082
31027
31636
31537
31788
30453
30666
30230
30288
31779
31064
30536
31052
31643
31510
31329
31793
30217
31411
30510
31087
30752
30290
31546
30145
31320
39823
30442
30566
30753
30535
31808
31308
30662
30740
30554
30633
39845
31730
31302
31719
30553
31315
30905
31321
30530
31771
30546
30683
30176
39842
31554
30108
30525
30742
30187
30817
31096
31201
30735
30326
31635
30710
30646
30739
30184
31833
30173
30628
30673
30802
31031
30183
30563
31774
31804
39837
31028
31055
30543
30303
31811
30002
31714
30292
31331
31822
31901
30415
30621
30175
31569
31092
30520
31634
30434
30113
30629
30222
30521
31305
30104
30220
30457
30582
30147
31068
31816
30558
30295
31553
31642
30346
31063
31803
30557
39827
39840
30139
30725
31773
31645
31006
30471
30559
31001
31806
30564
30808
31543
31089
30560
31091
31566
30750
30079
30257
30565
30833
30527
30609
31301
30624
30055
30185
30428
30411
30363
31831
30828
30259
31098
30738
30567
30178
31519
31557
39897
31606
30206
30711
31815
31328
31650
30182
30445
30538
31647
31046
31002
30205
30511
31626
30571
30576
30669
31744
30663
31775
30734
31078
30170
31037
30124
30648
31637
31019
30547
31044
30258
30477
31801
31555
31018
31716
30421
31076
31560
30332
31075
30516
30555
30473
31079
30630
31778
30256
30322
30171
31542
31012
30627
31033
31830
31765
31825
31303
31562
30733
31749
39854
30056
30731
31790
31565
31549
30668
31805
30625
39834
30805
30105
30137
39866
31827
30810
31781
31780
30251
30575
30293
31738
30149
30450
31807
31016
30216
30757
31826
30568
30456
31512
30420
30441
39813
30730
31022
39870
39851
30816
31060
31764
31314
39825
31641
31049
31207
30634
39846
30234
31622
30446
30631
31058
30602
31795
30641
30552
39815
31009
31017
31065
31323
30410
31547
39886
31712
31783
31563
31057
30413
30452
31829
31042
31097
31307
30218
30177
30619
31054
30541
31020
31624
31789
30425
31756
30678
31066
31071
31625
30823
31787
31567
31629
31796
30746
31733
31798
30597
31090
31527
30537
31077
31638
31085
30803
31824
30660
30426
31072
39861
31784
31070
30821
30470
39862
30572
31035
39859
31025
30118
31038
31552
30820
31649
30148
30545
31041
31551
31050
31648
31836
30667
31698
30562
39841
31007
31722
31518
31699
31409
39826
31711
31094
30522
39824
31011
31812
31544
30285
30072
31309
30250
31823
31550
31532
31630
31772
30818
30455
31735
39877
31631
31568
30454
31083
39836
31318
31623
39867
30812
30336
30708
31720
30807
30275
30581
31067
30539
31627
30464
31810
30665
30429
31832
31333
31747
31034
30751
31704
31743
30412
30460
30070
30623
31561
31753
30018
30573
31003
31051
31556
31062
30423
30449
30414
31821
30229
30451
30724
31045
30448
30756
39885
31081
31327
30664
30598
30284
39832
